\begin{table}[htbp]
\centering
\caption{Routing Mode Distribution (N=300)}
\label{tab:mode-distribution}
\begin{tabular}{llccc}
\toprule
Topology & Embedding & Gravity \% & Pressure \% & Tree \% \\
\midrule
BA & PIE & 8.6\% & 8.7\% & 82.7\% \\
 & Random & 1.3\% & 10.5\% & 88.2\% \\
 & Ricci-Broken & 1.2\% & 7.0\% & 91.8\% \\
 & Ricci-Fixed & 1.1\% & 8.0\% & 91.0\% \\
\midrule
WS & PIE & 31.1\% & 22.8\% & 46.1\% \\
 & Random & 0.9\% & 12.9\% & 86.2\% \\
 & Ricci-Broken & 0.7\% & 12.0\% & 87.3\% \\
 & Ricci-Fixed & 0.9\% & 11.0\% & 88.1\% \\
\midrule
Grid & PIE & 9.2\% & 37.2\% & 53.6\% \\
 & Random & 0.9\% & 16.5\% & 82.6\% \\
 & Ricci-Broken & 0.3\% & 15.2\% & 84.4\% \\
 & Ricci-Fixed & 0.7\% & 13.8\% & 85.5\% \\
\midrule
\bottomrule
\end{tabular}
\end{table}
